1.857393260732874e-05
1.149152355886634e-05
1.270692877462787e-05
1.899620869071002e-05
2.582774932652496e-05
9.504242510682613e-06
4.121482964889412e-05
4.358993308316203e-05
1.539667486661610e-05
1.231892953989432e-05
8.017124806308803e-06
2.610637907925819e-05
1.823355908070240e-05
1.614897411056190e-05
4.711635963429436e-05
2.424352164709046e-05
8.501054237911763e-06
3.247759043930950e-05
2.553377769411475e-05
9.366255694042253e-06
2.701586787449765e-05
1.653994995987310e-05
5.739779869752106e-06
2.578263064085840e-05
7.141510598390656e-06
1.864153368477106e-05
2.340992130684544e-05
1.860602332120118e-05
2.926944111132586e-05
1.489524305175885e-05
1.092821254657536e-05
