2.943431672396552e-06
2.442008441755407e-06
9.325580258536832e-06
4.567469762087886e-06
2.153429217047708e-06
3.183409339813368e-06
9.465340435651268e-07
7.310572124451062e-06
3.519370688915140e-06
3.397987825037035e-06
1.027460520581360e-05
2.479566848779280e-06
7.738160905853340e-06
1.063870457430678e-06
9.744190638474318e-06
1.060391178445096e-05
9.315498059333488e-06
4.847078010942610e-06
9.717229212638738e-06
9.605839807481175e-06
3.373746988660439e-06
2.424211598125519e-06
1.323494121616018e-06
1.565260585748256e-06
5.707284303233392e-06
2.924226841388467e-06
5.465097278058452e-06
7.826574039055601e-06
3.502884098564276e-06
2.292133528077926e-06
1.157292578817232e-05
