9.085509528092404e-06
1.420425102052895e-05
1.669680580542912e-06
3.557191335110879e-06
5.514090570877736e-06
8.284785116045043e-06
7.444427896401816e-06
1.044074630086888e-05
3.070212770540408e-06
5.206978898477288e-06
1.173085960058065e-05
3.876209045254068e-06
1.231417275511855e-05
1.138129701027455e-06
3.129254962439858e-06
8.822591681242338e-06
1.893394307190642e-06
1.247143646477182e-05
1.730479913338479e-05
2.043348619030848e-06
8.692374442513526e-06
4.921094642195533e-06
2.471561020924917e-06
9.384347206197507e-06
7.841659664347486e-06
4.305458955425686e-06
1.563063238071351e-05
5.460201783411865e-06
4.733812972944315e-06
1.028235289093324e-05
1.026077212871777e-05
