5.947250904361949e-06
1.184586208534288e-05
3.902012784452573e-05
6.567160417040394e-06
4.075370743437069e-05
9.015414079409966e-06
1.224992197713604e-05
1.347470028393666e-05
1.932460987954832e-05
1.998463343841223e-05
1.067897785955054e-05
2.551046749269854e-05
8.921897295361460e-06
3.464323135136611e-05
1.723603257587813e-05
7.098582064817423e-06
1.634937033142267e-05
8.313872807965452e-06
1.065535099955323e-05
1.948513421784889e-05
1.289529426355039e-05
1.516766987843850e-05
6.772782179468404e-06
2.981359979596946e-05
2.347107854444055e-05
1.604549661630800e-05
8.808798663205392e-06
1.668817117382778e-05
2.770480999893297e-05
1.542509779479907e-05
1.280912303650244e-05
