4.939630779356260e-06
1.002147101387880e-05
3.177096620670676e-05
5.641582844774800e-06
3.489438364974832e-05
7.723931484624250e-06
9.908081934666187e-06
1.141904279226958e-05
1.606766387353143e-05
1.623416614422448e-05
9.278467861074923e-06
2.087630552339450e-05
7.757301588278445e-06
2.938903455403113e-05
1.476944487339649e-05
5.704521209826671e-06
1.392317748994208e-05
7.017684329925259e-06
8.773809121429182e-06
1.567170411583830e-05
1.084920406854818e-05
1.288481385428832e-05
5.736901451798899e-06
2.581910628459309e-05
2.027418292175190e-05
1.344379911028886e-05
7.399963171675319e-06
1.363051216349895e-05
2.406431413521390e-05
1.279871063058470e-05
1.113816428133635e-05
