-65.4687272032,42.6739788728,99.4524808046,62.1026436715,93.5122472726,97.3149319285,33.5679580978,41.9080973639,9.9994294974,-41.9275434444,-40.0086643527,-68.4989501360,41.9127582421,40.0438511933,-65.1817980503,-27.7015633751,-55.1516769508,97.0265093460,58.4131347222,-52.6527631426,-1.1956125106,-27.8206951111,14.4554814233,-6.5188321417,96.6023915286,-74.0457540572,76.8492893669,-86.8503789465,-20.3680038458,43.3867197020,-4.2669780169,-17.8409758670
-18.1132945071,14.9801016953,-74.9346435482,-36.5944659079,-85.1669960469,-6.8333600758,3.4720023640,-74.3330778510,65.8107456271,10.2606887218,17.5571980804,53.5563274715,-74.1934084406,0.5727572899,73.6423254839,66.2781612935,3.6204265848,-39.1750914385,-67.6066080888,86.9475673278,-54.9059430569,89.4966273619,3.7795586808,-43.1903379471,-84.2280190429,-60.7396161034,91.2703254086,-45.1097933573,25.0044722897,22.8856556616,-81.3143186233,28.1974854598
18.3616890633,16.1293002281,-65.7598753888,24.8958374867,80.4001787381,-32.4760826788,84.7859450633,-91.7611392956,72.7562383240,-83.7554290213,89.7093707941,54.2044737589,-47.0688184334,-57.8383240596,14.4274404892,23.6216852650,-93.9428202837,77.7993762898,9.1154967095,28.3814578602,-39.5811774091,-51.0244178702,61.4698628858,-18.7814946511,-9.2911734090,37.7227143346,-68.3839105970,-16.8756507572,-7.1115684449,-31.9614863296,-71.2662617675,72.2970153665
-36.1367214707,97.6046738934,-30.9258878598,-20.2566785652,52.1329989590,2.9960268164,-78.7632132782,-51.6524278127,-75.4956181832,-10.0807976009,-71.8244729984,-89.8789416399,89.0769785406,72.8327700725,-16.3730513330,92.5371704479,80.4621654148,62.6955692879,86.7503070499,44.2256857644,-62.0331797553,-68.1315176215,99.1938822191,-6.6369764525,75.8151327201,-0.5259453905,-81.9901809912,-21.3515631773,-8.5538715621,-51.8542718662,16.6688223971,-90.2683734141
-43.7287323253,19.5037542020,68.5699293826,34.5041207531,-42.8503237118,-98.3645188106,-78.5005831258,-73.2130112015,-47.1054200418,-26.8444720449,-19.3491855771,-90.9515210977,-89.7684625234,12.3633730332,-27.4952448111,-42.2796605922,-22.7302350040,-9.9291238719,9.9714179035,65.0622635917,24.6483157283,22.2086282355,-74.2673218622,-80.6637027951,-25.3603327350,97.3575328873,11.5663676544,-26.8787253574,-71.1465281262,20.4925902324,-19.7225831448,-91.9490187685
-92.2172067508,42.7183692650,60.7931710388,3.8665420666,-70.2118670847,78.6263384156,-72.0438028455,86.2737471060,-36.2939936481,-21.4090824267,23.3000974943,68.5203854728,18.7449311262,1.4629972403,1.9428201502,-2.0306695867,12.5848521289,-5.0214800004,-96.6726088995,-33.7520812842,-78.0790821017,-16.6919461136,-38.4644332576,79.7534208377,74.4198228241,25.8520961205,19.3819231906,-46.8939126029,31.1181944354,94.4113728049,15.6948664451,-54.4913549402
-89.7289669759,-3.9102432571,4.8464665249,44.2365670498,54.9212259668,-23.9619327370,64.3322582256,-51.5606879718,14.5140542808,40.1041822283,-61.8431344346,-11.7922867631,-16.2439403662,-17.4079780422,-59.2216634596,0.3639009222,22.2956119784,-5.6789072263,69.6753989694,45.4804197882,41.1550464304,3.7366423120,12.1773545817,99.6245736811,-4.3258033313,-24.6350447629,91.3370984393,-8.0672935961,6.6254129146,9.2546438490,35.1737153113,73.5308806910
36.1491779138,60.7305060227,-47.1275633423,-3.1639796611,91.4674792387,-44.1987208156,-40.3001677619,88.2971092655,96.4520592952,54.2348538175,40.9801873673,38.0479823127,-2.1993840977,-4.0393153596,12.0975180472,86.8970778516,44.3328757189,-42.4421249004,14.6953607747,8.6381753977,79.1520923080,-21.0935088718,-30.9730649671,54.6128657529,-70.7047756159,-91.5867026335,91.0627435358,-84.1941127980,84.8019263780,31.1944101102,49.4676999436,-57.2026383846
65.5903407016,-45.7734556004,12.4036039355,-45.6757066589,-78.1546836858,48.1781953377,-52.1435868107,-89.8469140085,81.0368381903,-54.8656707437,-53.4326880388,-79.9604081909,-33.9412753025,-5.5192185930,36.2383973163,-72.5065931601,92.9037534451,95.5821423666,-68.4117847578,30.5785595403,76.1294914460,-4.8600711264,30.1077383749,51.1822118817,-42.5509924871,-42.9169317396,-88.1674827517,53.7449987076,30.4597460838,-53.5559601558,47.7373044537,70.0666203151
-92.5403506857,84.2941763626,-16.4230035510,67.5209778187,86.7845221156,-92.7320301575,67.2406396225,57.5921259752,-62.7376736155,49.8006402882,74.4581370444,-42.1066047598,-92.5067648153,-40.3215578676,20.5565931012,85.6909692034,-32.9915772608,-9.1301843686,28.2624819030,4.8637069671,77.8519927540,-73.1600107982,0.8425347030,-45.4325837004,61.7627756486,-33.8631806336,46.2238467618,29.6570677418,43.7196346912,-97.1831608763,-32.5775641340,-40.9951484683
2.2139328016,63.9345086418,9.3993865255,-51.0209166643,8.2949970306,-23.2705052463,-51.2406670566,18.2801001711,-12.8414421014,-12.0626887269,-21.8506837727,-81.5870252863,-64.4013202507,53.1815702019,-13.0717481116,-33.1922714660,-13.2169397248,-31.5971336997,43.7117194604,84.0491923424,-27.2496702980,35.9206008383,64.9940253379,-64.2516560700,57.2204145517,12.6083568344,47.1121654221,40.3401731964,-20.8511473190,61.9149544459,-32.7848158114,-6.2833175304
14.7378274689,63.4916955166,45.1309700447,-33.8420419857,37.5014090307,69.0994112493,-84.8467156065,-13.4930597560,-86.5413439127,7.9970956634,73.5319462991,-38.3745760669,100.0000000000,-52.1551785670,45.1268760698,-14.9223264186,-17.1183705673,57.3706760281,-6.8946529123,76.6773631681,-33.1667850665,-38.9956068045,39.7877292959,-11.8771153653,-47.3109592617,-49.2232287773,28.3072268249,-8.7968549127,-34.0736471765,-16.4453792412,-14.0180242114,57.3848826984
-49.4530624606,59.3154849066,-85.2359842660,-37.6735007465,-21.5064655866,-45.3178001392,60.1927725176,-1.1378884161,-40.6533562604,49.4943391067,-38.0253081124,-20.1256607350,-24.4423920047,63.1735255197,-37.1700167935,60.3651079026,90.0720643634,-17.7659637773,-16.9258560770,21.8419568170,39.1412237524,3.5605579460,-29.8943942970,49.3508257774,-7.6415580826,-37.1589136915,47.6381782838,3.5941016163,25.6470604953,-4.6442735245,-24.9031135570,28.8839252671
33.5607927787,2.0344540951,-54.3302191051,87.1626725905,-38.6851181470,38.4872451782,53.5214385268,16.7480103616,4.2356650249,-21.1724955748,-50.8213287112,-61.8812229185,42.8023454039,-44.0775595784,41.1294595823,38.3648037949,37.2409203228,-17.2679057675,70.7493295690,1.1937738393,20.6588230229,7.6648148568,-66.3341260968,-26.7687899539,-53.9512858789,100.0000000000,15.3712015292,-4.1391222752,3.0011818194,42.0284058237,-2.1361013312,66.3685175475
41.8724351703,18.7605329003,-25.3669228589,21.5613473631,-97.2458931679,-57.1621307573,-47.6805081147,-45.6756588157,-50.9008174609,46.7338241835,-4.2404095273,74.7947948275,17.5975767217,46.2517480165,46.1024707995,2.4277103767,54.6026244180,19.3443402020,-11.1978182685,-12.9919260823,-9.0930954639,28.5556903604,2.8261122899,10.2579128979,-49.8089064177,-50.2101479181,-19.5355819159,-94.4084682629,-70.1450902548,33.6391554310,-75.4337600989,-79.4957830340
40.2827156859,-29.7124845153,100.0000000000,40.4194194166,-43.1789986766,100.0000000000,12.4962408212,56.2813760202,44.0413128849,-2.5125821542,-17.7206527064,12.0289508554,-59.8143303283,80.6789892266,6.2009559564,-7.9602691435,-10.3778383284,-86.9948069697,49.3425462699,-73.0240993226,21.1129970012,59.8787616279,74.1290899085,-7.0334348011,-79.1045959807,-12.6482216486,24.3443439655,51.4281407380,33.0424006493,50.5267165630,-47.0957223490,-40.7167815024
-37.4104290330,-12.8673898197,15.1723534075,-39.1590478096,-39.7936256537,-35.5987665976,2.6535813090,63.8424640401,38.3616360749,-50.9116069216,-31.7646506713,-11.2603897032,45.7610819612,-47.9985149749,100.0000000000,11.2104516223,61.8470445487,1.4165593033,-9.2027135720,-22.3473143809,-43.9687181566,30.4301252152,-88.6139485202,66.0102086019,29.4419474493,-38.5110507718,25.0689337217,51.0665898865,27.4502794892,-21.0768968095,39.8066045789,4.6022193807
-30.5924057513,12.2992270506,-5.3580095231,59.4338280817,-3.3585827353,14.7667835586,-29.3059642967,38.0152798612,24.3061581603,71.1287353109,68.2030611845,-11.3624023214,36.0601785776,-6.0139313143,-31.2927935741,-20.4349301983,33.6197116937,16.2915832783,-29.5574508544,-93.0578843675,48.5094467567,18.3323014966,-6.1947165481,17.6638515489,100.0000000000,65.0472306154,43.1915105860,-28.0410701414,17.2778914400,79.7841864977,41.9544212581,15.3542683566
-30.6968741377,51.2811641097,14.3649069606,-33.5917793011,0.3946002990,69.8235194987,100.0000000000,90.7444359997,-65.8440978979,3.9880557605,-30.2132270649,-35.2965756612,-24.1693231682,86.5103186753,13.4377734514,29.2380102582,6.8957479422,-46.9034212829,-28.9168506571,-49.3351175169,-51.5174984105,-3.1779820331,25.0876567628,32.4246484819,-5.7624663778,53.7038025349,-54.1002303503,-31.6353130081,47.8664123595,-18.9886782991,-26.9084657390,-11.6202697234
90.6784268472,10.2443386271,-12.7054927068,24.5590234463,-15.1529422437,43.8158793567,-5.4425787289,-21.4026648924,19.5710527722,-28.5973512013,18.4988249775,-20.0380300829,-49.1055296035,12.4364460268,-45.9613590605,-21.7684808688,38.0642559831,60.6959565863,-47.2877475699,-29.8072649163,-30.8069052239,-24.8448006053,27.4766145249,-28.5774275125,48.9036773710,13.3156204429,9.6630652893,-3.7628887295,36.0341750977,8.0100055886,17.4675536158,3.6396915285
-13.8027878413,-11.6855907557,17.4733172788,-2.2118306639,60.6211288610,-71.4131912775,-52.5009461485,-71.7336436093,-48.1745435677,100.0000000000,-26.7357335933,57.4991253707,-47.0517987789,31.8522371508,22.0500433884,-6.2991569089,-52.6621927314,-49.2181781021,-77.8804394572,36.8645501574,84.0968232645,60.5512758295,-55.3621963620,22.7766524288,-22.5830931701,51.3313252570,0.1656024360,-22.3701011037,-19.9200728940,19.4127307056,-12.7417237739,2.1717519324
12.9870714048,-43.0022417312,-0.0908863453,-1.9773102616,41.1823753982,-56.8452042086,-53.3093675389,-27.4899294587,-42.8734766105,-4.1452919006,-42.0639714451,0.7329469298,-12.6461056072,16.1260231313,33.3448628098,-76.1497752324,-83.4039660124,-83.9027960777,-36.7566680688,13.7104239010,-23.6182207680,-21.3540938742,31.4372524104,48.8407395992,-60.7091130007,-15.6705601469,13.2047173904,-8.7973582971,-1.8190075397,-82.3171962099,-33.1988631125,-18.0628269489
48.5455846766,-3.0899193002,-23.8826953553,-21.9473746292,42.1780409682,-39.4224771168,-69.9941424549,27.5490105705,26.1419702846,-61.3646433828,9.2534521000,63.4106829095,-57.2247921064,-5.2885542918,-0.1470806038,-38.0055757307,-39.0664810860,-58.3069776453,47.0849778382,-3.0854486516,4.8152419689,-68.2409455399,-51.9566494175,38.8572643317,6.9306582621,-37.6545592962,-49.6553724837,16.6790224202,-26.5625581977,-54.7689368186,6.0026944302,62.2025392701
-100.0000000000,-12.1896229154,33.5329042633,86.6124911142,-5.1323099087,48.3585152560,-40.7024865249,0.9785508750,-11.4450820934,22.1866122879,41.0277482382,58.4476988675,16.9079985088,40.1020428579,34.9692022763,-13.4282025697,-66.8078979262,-21.1958686306,34.5930436732,-20.5668900351,-12.8204246436,-58.3680945541,-48.0286529928,6.8133698980,13.5969903454,-25.4545635961,-36.4605467472,-48.9202995566,-43.0626989396,50.5198799752,6.4919616193,11.2929063103
-49.1807299275,13.9523965219,-19.3098566606,47.0839621614,-79.8857830601,-49.2764572192,29.5827179034,-31.6788524292,7.7403575692,-100.0000000000,-20.1038111700,-51.7899681897,2.7976852900,-13.2239210079,24.8048563049,29.3139754177,23.0113420046,18.6451887099,14.9583063791,-78.9082109322,46.1894093628,-27.2881380870,100.0000000000,-57.2305461419,48.7023816839,-32.1339052303,23.6482109662,14.2648306654,-31.3175259472,92.3136908405,-52.6055487601,27.5194274295
-23.4574898165,-51.2515452317,5.6623992336,-18.9710690794,22.7645806519,-10.6854338181,36.5858701539,0.3360971946,-30.1564791277,88.6145147521,85.0582924354,-36.1887499932,47.0092567849,81.1024667337,12.6641215538,-72.9931165698,61.0424535676,27.5631119135,-57.5122269617,-24.8938855436,-32.6267666844,67.1126548204,-8.2602656583,-31.8751542761,8.1255231981,-17.6449847752,1.5166340056,16.8328974157,37.0911078671,-3.8008473925,12.9724531074,-31.6838038719
-29.1300850570,81.8216570834,-39.2586271291,28.0836419957,-65.8789601722,-43.7660292557,70.0774171843,-13.6224963756,-3.1118329623,35.4451245266,50.0257772726,7.8382959860,-3.0405136095,-16.4653957317,-11.9023435419,-26.0380993839,2.1409273026,-78.7597594287,-33.4068787601,19.7040255596,20.5947200025,26.4757949071,-23.1996131154,-12.6326991681,13.3492994026,36.3667952674,-69.5293179171,17.7189154644,-3.1877909110,9.0776502810,13.9186461191,-12.4966881972
-51.7637256692,20.3604997906,-29.0693220417,32.8664481354,-47.8891561904,-54.8798084929,70.9639285705,-72.4193810795,-7.6684537558,42.0523944685,41.3664242461,-32.1227502386,-4.9969182984,-3.4939285333,-39.8261049450,-26.3451823464,100.0000000000,-50.1672975970,-30.8725198252,-66.4086540988,-83.2942432078,-12.5975020041,70.9256746731,-50.5833314538,-18.1539178990,21.7946556230,88.2158981133,56.8447062893,88.1738770447,67.4055315052,39.4740619949,-22.9453250658
-48.0856147360,67.4643790826,75.8986214504,-19.7599399694,-28.4360993790,13.1540769488,-17.0849221723,-15.4393054967,-21.7202297401,-90.7907756993,-10.3776872563,14.6629579508,-61.4178392953,-1.1186459148,36.5277369855,-61.4108498731,-28.5379764027,19.0329422464,5.5792831599,12.8659792930,6.6552875696,15.7750934935,-28.0828291345,-10.4102405748,45.3890879625,15.4021627166,-40.9430281247,69.9192348205,-27.4923770140,10.9840883130,-24.9121668180,8.7818599585
25.6681213503,-4.7433722446,-18.5337412963,-13.5410717629,-75.9512382801,-14.5073312433,-80.6151278000,6.6721481525,-4.3685953341,51.0599001893,42.9610539833,66.9991447824,-14.8965489297,-41.6535120303,19.2950573805,-47.5528598053,-78.5262946185,23.8412381103,-100.0000000000,-65.5655619154,-28.6337799898,0.7944263270,-83.0680250316,65.2260972134,26.3663319551,-10.3605682957,-46.7506770027,67.1467734959,-11.1883445947,-67.7772754230,-74.6945929554,39.6818424210
-17.9409427015,-49.2659219493,15.6817919195,-11.3116780812,-6.0397457967,9.7443452214,-62.2162333269,22.0474890413,-16.6879382705,-47.4826892967,31.6911124432,35.6318730031,2.9307168623,26.9616459888,15.9947491585,97.4559626050,-27.5309905922,-18.6074679888,-72.3501423561,-19.5533749602,51.2489011143,28.7802823763,22.9986083562,35.1477980048,70.9281576053,-69.2475333415,52.4164164056,27.3016058984,86.3875797387,23.7215067142,10.6119320086,8.8487132431
