7.479850662265535e-06
1.148153825087939e-05
1.427019856976294e-06
2.892523574044053e-06
4.741651138198320e-06
6.934925342589578e-06
6.110263854505493e-06
8.795433829206781e-06
2.482952564944471e-06
4.407595931062655e-06
9.403759425475247e-06
3.146649537676856e-06
1.009252327737121e-05
9.338323866784156e-07
2.547329603336368e-06
7.416551806172830e-06
1.549331579190276e-06
1.031424852181141e-05
1.396673172064981e-05
1.708149847578965e-06
7.535053329248870e-06
4.191090776116610e-06
2.051820075108220e-06
8.062830290236131e-06
6.382814650369839e-06
3.459051046340141e-06
1.334179984820858e-05
4.505238074154912e-06
3.837937540547686e-06
8.296320871345354e-06
8.356671011705943e-06
