3.605174727403177e-06
3.044351144734146e-06
1.113027524338689e-05
5.615384249347403e-06
2.616018054361731e-06
3.857466040250616e-06
1.166344906943536e-06
8.984381504437437e-06
4.359261781324442e-06
4.018612942177080e-06
1.282947268476065e-05
2.879997497607004e-06
9.269236225091997e-06
1.273180956290868e-06
1.146220875991155e-05
1.232873282357495e-05
1.088521896351161e-05
5.763399875946361e-06
1.168100666792291e-05
1.180134588343964e-05
4.119573663401078e-06
3.014680509932601e-06
1.598756494725852e-06
1.909357033520194e-06
7.110476568951711e-06
3.600608894548101e-06
6.325330955070426e-06
9.417833533662038e-06
4.155449281283565e-06
2.861949597563966e-06
1.414758612790566e-05
