1.564832404045685e-05
9.211100020069323e-06
1.039724523776009e-05
1.648738859934064e-05
2.087162996086002e-05
7.633253175482635e-06
3.506194885099115e-05
3.691226243885505e-05
1.328837076612972e-05
1.008101396113995e-05
6.476658747980666e-06
2.113373994853651e-05
1.504815568374733e-05
1.341573767535374e-05
3.858660574481841e-05
2.103986715061321e-05
6.919697042726628e-06
2.673296328207415e-05
2.130112780376219e-05
8.061451616556299e-06
2.231456385764874e-05
1.428989321711154e-05
4.829474169464740e-06
2.106679885888549e-05
5.797629284684239e-06
1.595582397968953e-05
1.988952383182198e-05
1.552725327109842e-05
2.442575350150660e-05
1.269487968851344e-05
9.384080237701153e-06
